datetime,ambient_temperature,object_temperature,latitude,longitude,altitude
2024-04-04 11:06:55.075108,10.29,15.63,-1,-1,-1
2024-04-04 11:06:55.169988,10.31,15.63,-1,-1,-1
2024-04-04 11:06:55.270045,10.29,15.73,-1,-1,-1
2024-04-04 11:06:55.370115,10.29,15.71,-1,-1,-1
2024-04-04 11:06:55.469950,10.29,15.71,-1,-1,-1
2024-04-04 11:06:55.569941,10.29,15.63,-1,-1,-1
2024-04-04 11:06:55.669967,10.29,15.69,-1,-1,-1
2024-04-04 11:06:55.769971,10.31,15.73,-1,-1,-1
2024-04-04 11:06:55.869988,10.29,15.73,-1,-1,-1
2024-04-04 11:06:55.970028,10.29,15.71,-1,-1,-1
2024-04-04 11:06:56.069937,10.29,15.63,-1,-1,-1
2024-04-04 11:06:56.169917,10.29,15.63,-1,-1,-1
2024-04-04 11:06:56.269829,10.29,15.51,-1,-1,-1
2024-04-04 11:06:56.369812,10.27,15.87,-1,-1,-1
2024-04-04 11:06:56.469819,10.25,15.87,-1,-1,-1
2024-04-04 11:06:56.569809,10.25,15.93,-1,-1,-1
2024-04-04 11:06:56.670007,10.27,15.65,-1,-1,-1
2024-04-04 11:06:56.769997,10.23,15.65,-1,-1,-1
2024-04-04 11:06:56.869983,10.23,15.49,-1,-1,-1
2024-04-04 11:06:56.970025,10.27,15.55,-1,-1,-1
2024-04-04 11:06:57.069816,10.27,15.55,-1,-1,-1
2024-04-04 11:06:57.169876,10.27,15.47,40.3467612,-74.6117875,37.07
2024-04-04 11:06:57.269891,10.23,15.45,40.3467612,-74.6117875,37.07
2024-04-04 11:06:57.369818,10.27,15.45,40.3467612,-74.6117875,37.07
2024-04-04 11:06:57.469799,10.27,15.63,40.3467612,-74.6117875,37.07
2024-04-04 11:06:57.570002,10.23,15.67,40.3467612,-74.6117875,37.07
2024-04-04 11:06:57.670934,10.23,15.67,40.3467612,-74.6117875,37.07
2024-04-04 11:06:57.770870,10.23,15.75,40.3467612,-74.6117875,37.07
2024-04-04 11:06:57.870921,10.27,15.79,40.3467612,-74.6117875,37.07
2024-04-04 11:06:57.969875,10.23,15.79,40.3467612,-74.6117875,37.07
2024-04-04 11:06:58.074874,10.27,15.61,40.3467612,-74.6117875,37.07
2024-04-04 11:06:58.170016,10.27,15.65,40.3467615,-74.6117876,37.07
2024-04-04 11:06:58.269940,10.23,15.65,40.3467615,-74.6117876,37.07
2024-04-04 11:06:58.369968,10.27,15.59,40.3467615,-74.6117876,37.07
2024-04-04 11:06:58.469942,10.27,15.65,40.3467615,-74.6117876,37.07
2024-04-04 11:06:58.569982,10.23,15.59,40.3467615,-74.6117876,37.07
2024-04-04 11:06:58.670095,10.23,15.59,40.3467615,-74.6117876,37.07
2024-04-04 11:06:58.769947,10.23,15.65,40.3467615,-74.6117876,37.07
2024-04-04 11:06:58.869781,10.21,15.57,40.3467615,-74.6117876,37.07
2024-04-04 11:06:58.969769,10.21,15.57,40.3467615,-74.6117876,37.07
2024-04-04 11:06:59.070188,10.21,15.55,40.3467617,-74.6117876,37.12
2024-04-04 11:06:59.170378,10.23,15.73,40.3467617,-74.6117876,37.12
2024-04-04 11:06:59.270244,10.23,15.73,40.3467617,-74.6117876,37.12
2024-04-04 11:06:59.370791,10.23,15.87,40.3467617,-74.6117876,37.12
2024-04-04 11:06:59.469941,10.21,15.91,40.3467617,-74.6117876,37.12
2024-04-04 11:06:59.569873,10.23,15.91,40.3467617,-74.6117876,37.12
2024-04-04 11:06:59.670262,10.23,15.91,40.3467617,-74.6117876,37.12
2024-04-04 11:06:59.770357,10.23,15.91,40.3467617,-74.6117876,37.12
2024-04-04 11:06:59.869955,10.19,15.91,40.3467617,-74.6117876,37.12
2024-04-04 11:06:59.970960,10.19,15.87,40.3467618,-74.611788,37.13
2024-04-04 11:07:00.072179,10.17,15.95,40.3467618,-74.611788,37.13
2024-04-04 11:07:00.170430,10.17,15.95,40.3467618,-74.611788,37.13
2024-04-04 11:07:00.269971,10.17,16.07,40.3467618,-74.611788,37.13
2024-04-04 11:07:00.370568,10.19,15.91,40.3467618,-74.611788,37.13
2024-04-04 11:07:00.469927,10.19,15.91,40.3467618,-74.611788,37.13
2024-04-04 11:07:00.570244,10.19,15.87,40.3467618,-74.611788,37.13
2024-04-04 11:07:00.670166,10.17,15.87,40.3467618,-74.611788,37.13
2024-04-04 11:07:00.769739,10.19,15.87,40.3467618,-74.611788,37.13
2024-04-04 11:07:00.870019,10.17,15.95,40.3467618,-74.611788,37.13
2024-04-04 11:07:00.970006,10.17,15.97,40.346762,-74.6117882,37.14
2024-04-04 11:07:01.070040,10.19,15.97,40.346762,-74.6117882,37.14
2024-04-04 11:07:01.170039,10.19,15.97,40.346762,-74.6117882,37.14
2024-04-04 11:07:01.269793,10.19,15.79,40.346762,-74.6117882,37.14
2024-04-04 11:07:01.369979,10.17,15.93,40.346762,-74.6117882,37.14
2024-04-04 11:07:01.469933,10.13,15.93,40.346762,-74.6117882,37.14
2024-04-04 11:07:01.569914,10.13,15.75,40.346762,-74.6117882,37.14
2024-04-04 11:07:01.669921,10.17,15.75,40.346762,-74.6117882,37.14
2024-04-04 11:07:01.769925,10.17,15.75,40.346762,-74.6117882,37.14
2024-04-04 11:07:01.869812,10.17,15.85,40.3467623,-74.6117883,37.11
2024-04-04 11:07:01.970668,10.17,15.95,40.3467623,-74.6117883,37.11
2024-04-04 11:07:02.070598,10.17,15.95,40.3467623,-74.6117883,37.11
2024-04-04 11:07:02.170557,10.17,15.97,40.3467623,-74.6117883,37.11
2024-04-04 11:07:02.270366,10.15,15.93,40.3467623,-74.6117883,37.11
2024-04-04 11:07:02.370535,10.15,15.93,40.3467623,-74.6117883,37.11
2024-04-04 11:07:02.470625,10.15,15.93,40.3467623,-74.6117883,37.11
2024-04-04 11:07:02.570121,10.15,15.93,40.3467623,-74.6117883,37.11
2024-04-04 11:07:02.669815,10.15,15.93,40.3467623,-74.6117883,37.11
2024-04-04 11:07:02.770110,10.15,15.93,40.3467624,-74.6117883,37.09
2024-04-04 11:07:02.870156,10.13,15.91,40.3467624,-74.6117883,37.09
2024-04-04 11:07:02.970033,10.15,15.91,40.3467624,-74.6117883,37.09
2024-04-04 11:07:03.070282,10.15,15.85,40.3467624,-74.6117883,37.09
2024-04-04 11:07:03.170805,10.13,15.81,40.3467624,-74.6117883,37.09
2024-04-04 11:07:03.269752,10.13,15.81,40.3467624,-74.6117883,37.09
2024-04-04 11:07:03.369913,10.13,15.89,40.3467624,-74.6117883,37.09
2024-04-04 11:07:03.470184,10.11,15.83,40.3467624,-74.6117883,37.09
2024-04-04 11:07:03.569978,10.11,15.83,40.3467624,-74.6117883,37.09
2024-04-04 11:07:03.669808,10.11,15.89,40.3467624,-74.6117883,37.09
2024-04-04 11:07:03.770002,10.11,15.71,40.3467628,-74.6117883,37.09
2024-04-04 11:07:03.869994,10.09,15.71,40.3467628,-74.6117883,37.09
2024-04-04 11:07:03.969989,10.11,15.83,40.3467628,-74.6117883,37.09
2024-04-04 11:07:04.069694,10.11,16.07,40.3467628,-74.6117883,37.09
2024-04-04 11:07:04.172046,10.11,15.75,40.3467628,-74.6117883,37.09
2024-04-04 11:07:04.270258,10.09,15.75,40.3467628,-74.6117883,37.09
2024-04-04 11:07:04.370614,10.09,15.95,40.3467628,-74.6117883,37.09
2024-04-04 11:07:04.476372,10.07,15.99,40.3467628,-74.6117883,37.09
2024-04-04 11:07:04.571937,10.07,15.99,40.3467628,-74.6117883,37.09
2024-04-04 11:07:04.670728,10.07,15.89,40.3467628,-74.6117883,37.09
2024-04-04 11:07:04.770209,10.07,15.79,40.346763,-74.6117885,37.07
2024-04-04 11:07:04.870138,10.09,15.79,40.346763,-74.6117885,37.07
2024-04-04 11:07:04.970113,10.09,15.77,40.346763,-74.6117885,37.07
2024-04-04 11:07:05.070070,10.09,15.85,40.346763,-74.6117885,37.07
2024-04-04 11:07:05.169767,10.09,15.85,40.346763,-74.6117885,37.07
2024-04-04 11:07:05.270092,10.09,15.97,40.346763,-74.6117885,37.07
2024-04-04 11:07:05.370565,10.07,16.09,40.346763,-74.6117885,37.07
2024-04-04 11:07:05.470628,10.07,16.09,40.346763,-74.6117885,37.07
2024-04-04 11:07:05.570351,10.07,15.63,40.346763,-74.6117885,37.07
2024-04-04 11:07:05.670160,10.07,15.75,40.346763,-74.6117885,37.07
2024-04-04 11:07:05.769893,10.09,15.75,40.3467631,-74.6117887,37.05
2024-04-04 11:07:05.869944,10.09,15.57,40.3467631,-74.6117887,37.05
2024-04-04 11:07:05.969981,10.05,15.79,40.3467631,-74.6117887,37.05
2024-04-04 11:07:06.069943,10.07,15.79,40.3467631,-74.6117887,37.05
2024-04-04 11:07:06.169950,10.07,15.77,40.3467631,-74.6117887,37.05
2024-04-04 11:07:06.269945,10.05,15.75,40.3467631,-74.6117887,37.05
2024-04-04 11:07:06.370934,10.05,15.75,40.3467631,-74.6117887,37.05
2024-04-04 11:07:06.471501,10.07,15.83,40.3467631,-74.6117887,37.05
2024-04-04 11:07:06.570239,10.07,15.69,40.3467631,-74.6117887,37.05
2024-04-04 11:07:06.670759,10.07,15.69,40.3467631,-74.6117887,37.05
2024-04-04 11:07:06.770889,10.07,15.75,40.346763,-74.6117888,37.02
2024-04-04 11:07:06.872153,10.07,15.67,40.346763,-74.6117888,37.02
2024-04-04 11:07:06.971815,10.05,15.81,40.346763,-74.6117888,37.02
2024-04-04 11:07:07.069816,10.05,15.81,40.346763,-74.6117888,37.02
2024-04-04 11:07:07.169803,10.05,15.83,40.346763,-74.6117888,37.02
2024-04-04 11:07:07.270668,10.07,15.59,40.346763,-74.6117888,37.02
2024-04-04 11:07:07.369987,10.03,15.59,40.346763,-74.6117888,37.02
2024-04-04 11:07:07.470127,10.03,15.61,40.346763,-74.6117888,37.02
2024-04-04 11:07:07.570048,10.07,15.81,40.346763,-74.6117888,37.02
2024-04-04 11:07:07.671557,10.05,15.81,40.3467633,-74.611789,37.03
2024-04-04 11:07:07.770679,10.05,16.01,40.3467633,-74.611789,37.03
2024-04-04 11:07:07.869913,10.05,15.87,40.3467633,-74.611789,37.03
2024-04-04 11:07:07.970160,10.05,15.87,40.3467633,-74.611789,37.03
2024-04-04 11:07:08.069854,10.05,15.95,40.3467633,-74.611789,37.03
2024-04-04 11:07:08.169877,10.07,15.81,40.3467633,-74.611789,37.03
2024-04-04 11:07:08.269882,10.05,15.81,40.3467633,-74.611789,37.03
2024-04-04 11:07:08.369837,10.05,15.83,40.3467633,-74.611789,37.03
2024-04-04 11:07:08.469831,10.03,15.95,40.3467633,-74.611789,37.03
2024-04-04 11:07:08.570055,10.05,15.95,40.3467635,-74.611789,37.04
2024-04-04 11:07:08.671786,10.05,15.69,40.3467635,-74.611789,37.04
2024-04-04 11:07:08.770865,10.07,16.03,40.3467635,-74.611789,37.04
2024-04-04 11:07:08.870512,10.05,16.03,40.3467635,-74.611789,37.04
2024-04-04 11:07:08.970151,10.03,15.71,40.3467635,-74.611789,37.04
2024-04-04 11:07:09.070555,10.03,15.99,40.3467635,-74.611789,37.04
2024-04-04 11:07:09.170105,10.03,15.99,40.3467635,-74.611789,37.04
2024-04-04 11:07:09.270802,10.05,16.05,40.3467635,-74.611789,37.04
2024-04-04 11:07:09.370433,10.05,16.17,40.3467635,-74.611789,37.04
2024-04-04 11:07:09.471079,10.05,15.73,40.3467639,-74.611789,37.03
2024-04-04 11:07:09.570090,10.03,15.73,40.3467639,-74.611789,37.03
2024-04-04 11:07:09.669953,10.03,15.65,40.3467639,-74.611789,37.03
2024-04-04 11:07:09.769790,10.01,15.77,40.3467639,-74.611789,37.03
2024-04-04 11:07:09.869763,10.05,15.77,40.3467639,-74.611789,37.03
2024-04-04 11:07:09.970394,10.05,15.75,40.3467639,-74.611789,37.03
2024-04-04 11:07:10.070366,10.07,15.85,40.3467639,-74.611789,37.03
2024-04-04 11:07:10.170617,10.03,15.85,40.3467639,-74.611789,37.03
2024-04-04 11:07:10.269906,10.03,15.67,40.3467639,-74.611789,37.03
2024-04-04 11:07:10.369912,10.07,15.75,40.3467639,-74.611789,37.03
2024-04-04 11:07:10.469909,10.07,15.75,40.3467643,-74.611789,37.04
2024-04-04 11:07:10.569904,10.07,15.85,40.3467643,-74.611789,37.04
2024-04-04 11:07:10.669858,10.03,15.77,40.3467643,-74.611789,37.04
2024-04-04 11:07:10.769945,10.05,15.77,40.3467643,-74.611789,37.04
2024-04-04 11:07:10.874986,10.05,15.83,40.3467643,-74.611789,37.04
2024-04-04 11:07:10.970707,10.05,15.85,40.3467643,-74.611789,37.04
2024-04-04 11:07:11.069878,10.05,15.85,40.3467643,-74.611789,37.04
2024-04-04 11:07:11.171167,10.05,15.77,40.3467643,-74.611789,37.04
2024-04-04 11:07:11.271915,10.07,15.95,40.3467643,-74.611789,37.04
2024-04-04 11:07:11.370040,10.03,15.95,40.3467643,-74.611789,37.04
2024-04-04 11:07:11.470822,10.03,15.69,40.3467645,-74.6117891,37.05
2024-04-04 11:07:11.569992,10.07,15.83,40.3467645,-74.6117891,37.05
2024-04-04 11:07:11.669973,10.07,15.83,40.3467645,-74.6117891,37.05
2024-04-04 11:07:11.770183,10.03,15.79,40.3467645,-74.6117891,37.05
2024-04-04 11:07:11.869838,10.03,15.93,40.3467645,-74.6117891,37.05
2024-04-04 11:07:11.969888,10.05,15.93,40.3467645,-74.6117891,37.05
2024-04-04 11:07:12.070098,10.05,15.87,40.3467645,-74.6117891,37.05
2024-04-04 11:07:12.170840,10.05,15.85,40.3467645,-74.6117891,37.05
2024-04-04 11:07:12.270223,10.07,15.87,40.3467645,-74.6117891,37.05
2024-04-04 11:07:12.370022,10.05,15.87,40.3467649,-74.6117892,37.06
2024-04-04 11:07:12.469888,10.05,15.85,40.3467649,-74.6117892,37.06
2024-04-04 11:07:12.569930,10.03,15.85,40.3467649,-74.6117892,37.06
2024-04-04 11:07:12.669925,10.05,15.85,40.3467649,-74.6117892,37.06
2024-04-04 11:07:12.769903,10.05,15.85,40.3467649,-74.6117892,37.06
2024-04-04 11:07:12.869930,10.05,15.95,40.3467649,-74.6117892,37.06
2024-04-04 11:07:12.969917,10.05,15.95,40.3467649,-74.6117892,37.06
2024-04-04 11:07:13.069727,10.05,15.87,40.3467649,-74.6117892,37.06
2024-04-04 11:07:13.170740,10.05,15.85,40.3467649,-74.6117892,37.06
2024-04-04 11:07:13.273470,10.07,15.85,40.3467649,-74.6117892,37.06
2024-04-04 11:07:13.370742,10.07,15.79,40.3467653,-74.6117892,37.08
2024-04-04 11:07:13.471268,10.05,15.93,40.3467653,-74.6117892,37.08
2024-04-04 11:07:13.570385,10.07,15.93,40.3467653,-74.6117892,37.08
2024-04-04 11:07:13.669743,10.07,15.71,40.3467653,-74.6117892,37.08
2024-04-04 11:07:13.769802,10.05,15.73,40.3467653,-74.6117892,37.08
2024-04-04 11:07:13.870100,10.07,15.73,40.3467653,-74.6117892,37.08
2024-04-04 11:07:13.970045,10.07,15.85,40.3467653,-74.6117892,37.08
2024-04-04 11:07:14.069963,10.03,16.03,40.3467653,-74.6117892,37.08
2024-04-04 11:07:14.169979,10.07,16.03,40.3467653,-74.6117892,37.08
2024-04-04 11:07:14.269997,10.07,16.01,40.3467659,-74.6117892,37.09
2024-04-04 11:07:14.370123,10.05,15.87,40.3467659,-74.6117892,37.09
2024-04-04 11:07:14.469982,10.07,15.87,40.3467659,-74.6117892,37.09
2024-04-04 11:07:14.569749,10.07,15.99,40.3467659,-74.6117892,37.09
2024-04-04 11:07:14.669788,10.07,15.81,40.3467659,-74.6117892,37.09
2024-04-04 11:07:14.769873,10.09,15.81,40.3467659,-74.6117892,37.09
2024-04-04 11:07:14.869926,10.09,15.85,40.3467659,-74.6117892,37.09
2024-04-04 11:07:14.969924,10.09,15.79,40.3467659,-74.6117892,37.09
2024-04-04 11:07:15.069886,10.05,15.93,40.3467659,-74.6117892,37.09
2024-04-04 11:07:15.169945,10.07,15.93,40.3467659,-74.6117892,37.09
2024-04-04 11:07:15.269825,10.07,15.81,40.3467659,-74.6117892,37.09
2024-04-04 11:07:15.370277,10.05,15.93,40.3467659,-74.6117892,37.09
2024-04-04 11:07:15.470155,10.07,15.93,40.3467659,-74.6117892,37.09
2024-04-04 11:07:15.569896,10.07,15.99,40.3467664,-74.6117891,37.08
2024-04-04 11:07:15.670114,10.03,15.97,40.3467664,-74.6117891,37.08
2024-04-04 11:07:15.771514,10.07,15.97,40.3467664,-74.6117891,37.08
2024-04-04 11:07:15.870286,10.07,15.89,40.3467664,-74.6117891,37.08
2024-04-04 11:07:15.970024,10.05,15.85,40.3467664,-74.6117891,37.08
2024-04-04 11:07:16.069913,10.05,15.85,40.3467664,-74.6117891,37.08
2024-04-04 11:07:16.170007,10.05,15.77,40.3467664,-74.6117891,37.08
2024-04-04 11:07:16.270283,10.05,15.93,40.3467664,-74.6117891,37.08
2024-04-04 11:07:16.369852,10.03,15.93,40.3467664,-74.6117891,37.08
2024-04-04 11:07:16.469877,10.03,15.79,40.3467664,-74.6117891,37.08
2024-04-04 11:07:16.570647,10.05,15.65,40.3467669,-74.6117889,37.04
2024-04-04 11:07:16.671221,10.07,15.65,40.3467669,-74.6117889,37.04
2024-04-04 11:07:16.770685,10.07,15.65,40.3467669,-74.6117889,37.04
2024-04-04 11:07:16.870561,10.07,15.65,40.3467669,-74.6117889,37.04
2024-04-04 11:07:16.969877,10.07,15.65,40.3467669,-74.6117889,37.04
2024-04-04 11:07:17.069931,10.05,15.83,40.3467669,-74.6117889,37.04
2024-04-04 11:07:17.169922,10.05,15.85,40.3467669,-74.6117889,37.04
2024-04-04 11:07:17.269914,10.07,15.85,40.3467669,-74.6117889,37.04
2024-04-04 11:07:17.370047,10.05,15.87,40.3467669,-74.6117889,37.04
2024-04-04 11:07:17.469913,10.05,15.77,40.3467669,-74.6117889,37.04
2024-04-04 11:07:17.578483,10.05,15.75,40.3467669,-74.6117889,37.04
2024-04-04 11:07:17.670666,10.03,15.75,40.3467669,-74.6117889,37.04
2024-04-04 11:07:17.770226,10.03,15.93,40.3467669,-74.6117889,37.04
2024-04-04 11:07:17.869850,10.07,15.81,40.3467669,-74.6117889,37.04
2024-04-04 11:07:17.970520,10.05,15.81,40.3467669,-74.6117889,37.04
2024-04-04 11:07:18.070152,10.05,15.93,40.3467669,-74.6117889,37.04
2024-04-04 11:07:18.169962,10.05,15.79,40.3467673,-74.6117886,37.01
2024-04-04 11:07:18.269946,10.07,15.79,40.3467673,-74.6117886,37.01
2024-04-04 11:07:18.369987,10.07,15.85,40.3467673,-74.6117886,37.01
2024-04-04 11:07:18.470203,10.07,15.59,40.3467673,-74.6117886,37.01
2024-04-04 11:07:18.570010,10.05,15.59,40.3467673,-74.6117886,37.01
2024-04-04 11:07:18.669971,10.05,15.41,40.3467673,-74.6117886,37.01
2024-04-04 11:07:18.769892,10.03,15.45,40.3467673,-74.6117886,37.01
2024-04-04 11:07:18.870349,10.01,15.45,40.3467673,-74.6117886,37.01
2024-04-04 11:07:18.970745,10.01,15.27,40.3467673,-74.6117886,37.01
2024-04-04 11:07:19.069979,10.03,14.77,40.3467677,-74.6117885,37.01
2024-04-04 11:07:19.169723,10.05,14.77,40.3467677,-74.6117885,37.01
2024-04-04 11:07:19.269850,10.05,14.49,40.3467677,-74.6117885,37.01
2024-04-04 11:07:19.369919,10.01,14.99,40.3467677,-74.6117885,37.01
2024-04-04 11:07:19.469935,9.99,14.99,40.3467677,-74.6117885,37.01
2024-04-04 11:07:19.569915,10.01,15.27,40.3467677,-74.6117885,37.01
2024-04-04 11:07:19.669928,10.01,15.63,40.3467677,-74.6117885,37.01
2024-04-04 11:07:19.769756,9.97,15.63,40.3467677,-74.6117885,37.01
2024-04-04 11:07:19.870726,9.97,15.57,40.3467677,-74.6117885,37.01
2024-04-04 11:07:19.971221,9.97,16.13,40.346768,-74.6117882,37.04
2024-04-04 11:07:20.071437,9.99,16.27,40.346768,-74.6117882,37.04
2024-04-04 11:07:20.170650,9.97,16.27,40.346768,-74.6117882,37.04
2024-04-04 11:07:20.270553,9.97,16.45,40.346768,-74.6117882,37.04
2024-04-04 11:07:20.369932,9.97,16.77,40.346768,-74.6117882,37.04
2024-04-04 11:07:20.470430,9.97,16.77,40.346768,-74.6117882,37.04
2024-04-04 11:07:20.570939,9.97,17.31,40.346768,-74.6117882,37.04
2024-04-04 11:07:20.670514,9.97,17.69,40.346768,-74.6117882,37.04
2024-04-04 11:07:20.769925,9.97,17.69,40.346768,-74.6117882,37.04
2024-04-04 11:07:20.869838,9.97,17.13,40.346768,-74.6117882,37.04
2024-04-04 11:07:20.969964,9.95,17.19,40.3467689,-74.6117875,37.19
2024-04-04 11:07:21.069789,9.97,17.19,40.3467689,-74.6117875,37.19
2024-04-04 11:07:21.170471,9.97,17.21,40.3467689,-74.6117875,37.19
2024-04-04 11:07:21.270777,9.97,17.29,40.3467689,-74.6117875,37.19
2024-04-04 11:07:21.369844,9.95,17.29,40.3467689,-74.6117875,37.19
2024-04-04 11:07:21.469900,9.95,17.59,40.3467689,-74.6117875,37.19
2024-04-04 11:07:21.569920,9.93,17.33,40.3467689,-74.6117875,37.19
2024-04-04 11:07:21.669932,9.93,17.33,40.3467689,-74.6117875,37.19
2024-04-04 11:07:21.769934,9.93,17.39,40.3467689,-74.6117875,37.19
2024-04-04 11:07:21.869914,9.93,17.41,40.3467693,-74.6117856,38.11
2024-04-04 11:07:21.970319,9.93,17.41,40.3467693,-74.6117856,38.11
2024-04-04 11:07:22.070189,9.93,17.29,40.3467693,-74.6117856,38.11
2024-04-04 11:07:22.170192,9.91,16.79,40.3467693,-74.6117856,38.11
2024-04-04 11:07:22.270859,9.93,16.79,40.3467693,-74.6117856,38.11
2024-04-04 11:07:22.372714,9.91,16.63,40.3467693,-74.6117856,38.11
2024-04-04 11:07:22.471119,9.91,17.13,40.3467693,-74.6117856,38.11
2024-04-04 11:07:22.570375,9.91,17.13,40.3467693,-74.6117856,38.11
2024-04-04 11:07:22.669883,9.91,17.79,40.3467693,-74.6117856,38.11
2024-04-04 11:07:22.770528,9.91,18.21,40.3467694,-74.6117853,40.0
2024-04-04 11:07:22.870144,9.93,18.13,40.3467694,-74.6117853,40.0
2024-04-04 11:07:22.970093,9.89,18.13,40.3467694,-74.6117853,40.0
2024-04-04 11:07:23.070172,9.89,17.43,40.3467694,-74.6117853,40.0
2024-04-04 11:07:23.170492,9.93,17.41,40.3467694,-74.6117853,40.0
2024-04-04 11:07:23.270283,9.89,17.41,40.3467694,-74.6117853,40.0
2024-04-04 11:07:23.369843,9.89,17.37,40.3467694,-74.6117853,40.0
2024-04-04 11:07:23.470547,9.89,17.27,40.3467694,-74.6117853,40.0
2024-04-04 11:07:23.570064,9.93,17.27,40.3467694,-74.6117853,40.0
2024-04-04 11:07:23.669870,9.93,17.27,40.3467694,-74.6117853,40.0
2024-04-04 11:07:23.769829,9.91,16.71,40.3467694,-74.6117853,40.0
2024-04-04 11:07:23.869906,9.87,16.71,40.3467694,-74.6117853,40.0
2024-04-04 11:07:23.969940,9.87,15.51,40.3467694,-74.6117853,40.0
2024-04-04 11:07:24.070034,9.91,15.37,40.3467676,-74.6117864,42.51
2024-04-04 11:07:24.169976,9.87,15.37,40.3467676,-74.6117864,42.51
2024-04-04 11:07:24.272711,9.87,15.53,40.3467676,-74.6117864,42.51
2024-04-04 11:07:24.370832,9.87,15.75,40.3467676,-74.6117864,42.51
2024-04-04 11:07:24.469959,9.87,15.75,40.3467676,-74.6117864,42.51
2024-04-04 11:07:24.570685,9.87,16.37,40.3467676,-74.6117864,42.51
2024-04-04 11:07:24.671165,9.89,16.59,40.3467676,-74.6117864,42.51
2024-04-04 11:07:24.770510,9.91,16.59,40.3467676,-74.6117864,42.51
2024-04-04 11:07:24.869947,9.91,16.57,40.3467676,-74.6117864,42.51
2024-04-04 11:07:24.969918,9.85,17.29,40.3467676,-74.6117864,42.51
2024-04-04 11:07:25.069973,9.87,17.29,40.3467677,-74.6117864,45.03
2024-04-04 11:07:25.170077,9.83,16.75,40.3467677,-74.6117864,45.03
2024-04-04 11:07:25.270347,9.83,16.73,40.3467677,-74.6117864,45.03
2024-04-04 11:07:25.369804,9.85,16.73,40.3467677,-74.6117864,45.03
2024-04-04 11:07:25.470079,9.87,16.63,40.3467677,-74.6117864,45.03
2024-04-04 11:07:25.570380,9.87,17.19,40.3467677,-74.6117864,45.03
2024-04-04 11:07:25.669972,9.81,16.89,40.3467677,-74.6117864,45.03
2024-04-04 11:07:25.769901,9.79,16.89,40.3467677,-74.6117864,45.03
2024-04-04 11:07:25.869760,9.79,17.19,40.3467677,-74.6117864,45.03
2024-04-04 11:07:25.970048,9.81,17.47,40.3467677,-74.6117864,45.03
2024-04-04 11:07:26.069944,9.77,17.47,40.3467667,-74.6117879,47.54
2024-04-04 11:07:26.169948,9.77,17.19,40.3467667,-74.6117879,47.54
2024-04-04 11:07:26.269942,9.81,17.65,40.3467667,-74.6117879,47.54
2024-04-04 11:07:26.369920,9.77,17.65,40.3467667,-74.6117879,47.54
2024-04-04 11:07:26.470627,9.77,17.89,40.3467667,-74.6117879,47.54
2024-04-04 11:07:26.571119,9.79,17.87,40.3467667,-74.6117879,47.54
2024-04-04 11:07:26.671233,9.79,17.87,40.3467667,-74.6117879,47.54
2024-04-04 11:07:26.770965,9.79,17.95,40.3467667,-74.6117879,47.54
2024-04-04 11:07:26.869936,9.77,18.03,40.3467667,-74.6117879,47.54
2024-04-04 11:07:26.970536,9.77,18.03,40.3467667,-74.6117879,47.54
2024-04-04 11:07:27.070808,9.77,18.05,40.3467686,-74.6117888,49.97
2024-04-04 11:07:27.170085,9.75,17.87,40.3467686,-74.6117888,49.97
2024-04-04 11:07:27.270432,9.77,17.87,40.3467686,-74.6117888,49.97
2024-04-04 11:07:27.370088,9.77,18.11,40.3467686,-74.6117888,49.97
2024-04-04 11:07:27.469883,9.75,18.05,40.3467686,-74.6117888,49.97
2024-04-04 11:07:27.569839,9.75,18.05,40.3467686,-74.6117888,49.97
2024-04-04 11:07:27.670016,9.75,17.97,40.3467686,-74.6117888,49.97
2024-04-04 11:07:27.769821,9.73,17.93,40.3467686,-74.6117888,49.97
2024-04-04 11:07:27.869799,9.77,17.93,40.3467686,-74.6117888,49.97
2024-04-04 11:07:27.970496,9.73,18.03,40.3467688,-74.6117882,52.27
2024-04-04 11:07:28.069854,9.73,17.85,40.3467688,-74.6117882,52.27
2024-04-04 11:07:28.169820,9.73,17.85,40.3467688,-74.6117882,52.27
2024-04-04 11:07:28.269865,9.73,17.81,40.3467688,-74.6117882,52.27
2024-04-04 11:07:28.369912,9.73,17.61,40.3467688,-74.6117882,52.27
2024-04-04 11:07:28.469943,9.73,17.75,40.3467688,-74.6117882,52.27
2024-04-04 11:07:28.569935,9.73,17.75,40.3467688,-74.6117882,52.27
2024-04-04 11:07:28.669694,9.73,17.97,40.3467688,-74.6117882,52.27
2024-04-04 11:07:28.770160,9.71,17.79,40.3467688,-74.6117882,52.27
2024-04-04 11:07:28.870210,9.71,17.79,40.3467692,-74.6117872,54.43
2024-04-04 11:07:28.970662,9.71,17.97,40.3467692,-74.6117872,54.43
2024-04-04 11:07:29.072866,9.67,17.91,40.3467692,-74.6117872,54.43
2024-04-04 11:07:29.170523,9.67,17.91,40.3467692,-74.6117872,54.43
2024-04-04 11:07:29.270368,9.67,17.89,40.3467692,-74.6117872,54.43
2024-04-04 11:07:29.369900,9.65,17.65,40.3467692,-74.6117872,54.43
2024-04-04 11:07:29.470493,9.67,17.65,40.3467692,-74.6117872,54.43
2024-04-04 11:07:29.570038,9.67,17.71,40.3467692,-74.6117872,54.43
2024-04-04 11:07:29.670009,9.69,17.63,40.3467692,-74.6117872,54.43
2024-04-04 11:07:29.769823,9.65,17.63,40.3467693,-74.6117866,55.94
2024-04-04 11:07:29.870026,9.65,17.53,40.3467693,-74.6117866,55.94
2024-04-04 11:07:29.970272,9.63,17.57,40.3467693,-74.6117866,55.94
2024-04-04 11:07:30.070421,9.59,17.57,40.3467693,-74.6117866,55.94
2024-04-04 11:07:30.170798,9.59,17.27,40.3467693,-74.6117866,55.94
2024-04-04 11:07:30.269931,9.61,16.97,40.3467693,-74.6117866,55.94
2024-04-04 11:07:30.369815,9.59,16.97,40.3467693,-74.6117866,55.94
2024-04-04 11:07:30.469957,9.59,16.87,40.3467693,-74.6117866,55.94
2024-04-04 11:07:30.569936,9.61,17.17,40.3467693,-74.6117866,55.94
2024-04-04 11:07:30.669972,9.57,17.17,40.3467693,-74.6117866,55.94
2024-04-04 11:07:30.770029,9.57,16.51,40.3467685,-74.6117867,56.93
2024-04-04 11:07:30.869851,9.57,16.67,40.3467685,-74.6117867,56.93
2024-04-04 11:07:30.972530,9.55,16.67,40.3467685,-74.6117867,56.93
2024-04-04 11:07:31.071620,9.53,16.79,40.3467685,-74.6117867,56.93
2024-04-04 11:07:31.170225,9.53,16.97,40.3467685,-74.6117867,56.93
2024-04-04 11:07:31.270995,9.53,16.97,40.3467685,-74.6117867,56.93
2024-04-04 11:07:31.370486,9.53,16.73,40.3467685,-74.6117867,56.93
2024-04-04 11:07:31.470954,9.53,16.23,40.3467685,-74.6117867,56.93
2024-04-04 11:07:31.570239,9.53,15.93,40.3467685,-74.6117867,56.93
2024-04-04 11:07:31.669958,9.51,15.93,40.3467685,-74.6117867,56.93
2024-04-04 11:07:31.770935,9.51,16.15,40.3467685,-74.6117867,56.93
2024-04-04 11:07:31.870009,9.51,16.55,40.3467685,-74.6117867,56.93
2024-04-04 11:07:31.969912,9.49,16.55,40.3467684,-74.6117872,57.27
2024-04-04 11:07:32.070071,9.49,17.25,40.3467684,-74.6117872,57.27
2024-04-04 11:07:32.169935,9.47,18.15,40.3467684,-74.6117872,57.27
2024-04-04 11:07:32.270364,9.49,18.15,40.3467684,-74.6117872,57.27
2024-04-04 11:07:32.370535,9.49,18.79,40.3467684,-74.6117872,57.27
2024-04-04 11:07:32.469995,9.47,18.65,40.3467684,-74.6117872,57.27
2024-04-04 11:07:32.569825,9.43,18.65,40.3467684,-74.6117872,57.27
2024-04-04 11:07:32.669841,9.43,18.79,40.3467684,-74.6117872,57.27
2024-04-04 11:07:32.769868,9.45,18.71,40.3467684,-74.6117872,57.27
2024-04-04 11:07:32.869946,9.45,18.71,40.3467698,-74.6117872,57.3
2024-04-04 11:07:32.969887,9.45,18.51,40.3467698,-74.6117872,57.3
2024-04-04 11:07:33.069838,9.43,18.73,40.3467698,-74.6117872,57.3
2024-04-04 11:07:33.169864,9.43,18.73,40.3467698,-74.6117872,57.3
2024-04-04 11:07:33.271117,9.43,18.77,40.3467698,-74.6117872,57.3
2024-04-04 11:07:33.382808,9.39,18.85,40.3467698,-74.6117872,57.3
2024-04-04 11:07:33.470569,9.39,18.85,40.3467698,-74.6117872,57.3
2024-04-04 11:07:33.570046,9.39,18.77,40.3467698,-74.6117872,57.3
2024-04-04 11:07:33.670323,9.39,18.93,40.3467698,-74.6117872,57.3
2024-04-04 11:07:33.770447,9.37,18.93,40.3467698,-74.6117872,57.3
2024-04-04 11:07:33.869979,9.35,18.87,40.3467786,-74.6117863,57.15
2024-04-04 11:07:33.970256,9.35,18.57,40.3467786,-74.6117863,57.15
2024-04-04 11:07:34.070097,9.33,18.57,40.3467786,-74.6117863,57.15
2024-04-04 11:07:34.169941,9.37,18.69,40.3467786,-74.6117863,57.15
2024-04-04 11:07:34.270043,9.37,18.75,40.3467786,-74.6117863,57.15
2024-04-04 11:07:34.369766,9.33,18.63,40.3467786,-74.6117863,57.15
2024-04-04 11:07:34.469790,9.33,18.63,40.3467786,-74.6117863,57.15
2024-04-04 11:07:34.570376,9.33,18.43,40.3467786,-74.6117863,57.15
2024-04-04 11:07:34.670439,9.33,17.93,40.3467786,-74.6117863,57.15
2024-04-04 11:07:34.769799,9.33,17.93,40.3467864,-74.6117827,56.94
2024-04-04 11:07:34.870245,9.33,17.65,40.3467864,-74.6117827,56.94
2024-04-04 11:07:34.969903,9.33,17.37,40.3467864,-74.6117827,56.94
2024-04-04 11:07:35.069893,9.33,17.37,40.3467864,-74.6117827,56.94
2024-04-04 11:07:35.169928,9.33,17.33,40.3467864,-74.6117827,56.94
2024-04-04 11:07:35.270018,9.33,16.77,40.3467864,-74.6117827,56.94
2024-04-04 11:07:35.369685,9.29,16.77,40.3467864,-74.6117827,56.94
2024-04-04 11:07:35.470762,9.29,16.53,40.3467864,-74.6117827,56.94
2024-04-04 11:07:35.570099,9.27,16.63,40.3467864,-74.6117827,56.94
2024-04-04 11:07:35.670652,9.27,16.63,40.3467864,-74.6117827,56.94
2024-04-04 11:07:35.771835,9.27,16.19,40.3467928,-74.6117786,56.76
2024-04-04 11:07:35.870565,9.27,16.31,40.3467928,-74.6117786,56.76
2024-04-04 11:07:35.970294,9.25,16.31,40.3467928,-74.6117786,56.76
2024-04-04 11:07:36.069908,9.25,15.85,40.3467928,-74.6117786,56.76
2024-04-04 11:07:36.170899,9.25,15.07,40.3467928,-74.6117786,56.76
2024-04-04 11:07:36.270726,9.25,15.07,40.3467928,-74.6117786,56.76
2024-04-04 11:07:36.370217,9.25,14.93,40.3467928,-74.6117786,56.76
2024-04-04 11:07:36.469728,9.21,14.87,40.3467928,-74.6117786,56.76
2024-04-04 11:07:36.570678,9.21,14.87,40.3467928,-74.6117786,56.76
2024-04-04 11:07:36.670719,9.21,14.57,40.3467928,-74.6117786,56.76
2024-04-04 11:07:36.769976,9.17,14.07,40.3468001,-74.6117742,56.68
2024-04-04 11:07:36.870082,9.19,14.07,40.3468001,-74.6117742,56.68
2024-04-04 11:07:36.969873,9.19,13.79,40.3468001,-74.6117742,56.68
2024-04-04 11:07:37.069896,9.19,13.73,40.3468001,-74.6117742,56.68
2024-04-04 11:07:37.169911,9.21,13.73,40.3468001,-74.6117742,56.68
2024-04-04 11:07:37.269841,9.17,13.93,40.3468001,-74.6117742,56.68
2024-04-04 11:07:37.369811,9.17,13.95,40.3468001,-74.6117742,56.68
2024-04-04 11:07:37.469814,9.15,13.37,40.3468001,-74.6117742,56.68
2024-04-04 11:07:37.569854,9.15,13.37,40.3468001,-74.6117742,56.68
2024-04-04 11:07:37.671440,9.15,13.33,40.3468078,-74.6117705,56.59
2024-04-04 11:07:37.771425,9.17,13.43,40.3468078,-74.6117705,56.59
2024-04-04 11:07:37.872348,9.13,13.43,40.3468078,-74.6117705,56.59
2024-04-04 11:07:37.971454,9.13,13.01,40.3468078,-74.6117705,56.59
2024-04-04 11:07:38.070600,9.11,12.89,40.3468078,-74.6117705,56.59
2024-04-04 11:07:38.170011,9.09,12.89,40.3468078,-74.6117705,56.59
2024-04-04 11:07:38.270460,9.09,13.09,40.3468078,-74.6117705,56.59
2024-04-04 11:07:38.370681,9.09,13.21,40.3468078,-74.6117705,56.59
2024-04-04 11:07:38.470472,9.09,13.21,40.3468078,-74.6117705,56.59
2024-04-04 11:07:38.570254,9.09,13.15,40.346816,-74.6117662,56.79
2024-04-04 11:07:38.670376,9.07,13.23,40.346816,-74.6117662,56.79
2024-04-04 11:07:38.769935,9.07,13.23,40.346816,-74.6117662,56.79
2024-04-04 11:07:38.869971,9.07,13.35,40.346816,-74.6117662,56.79
2024-04-04 11:07:38.970551,9.05,13.35,40.346816,-74.6117662,56.79
2024-04-04 11:07:39.071330,9.03,13.35,40.346816,-74.6117662,56.79
2024-04-04 11:07:39.170516,9.03,13.43,40.346816,-74.6117662,56.79
2024-04-04 11:07:39.269887,9.03,13.75,40.346816,-74.6117662,56.79
2024-04-04 11:07:39.369886,9.03,13.75,40.346816,-74.6117662,56.79
2024-04-04 11:07:39.469896,9.03,13.69,40.346816,-74.6117662,56.79
2024-04-04 11:07:39.570835,9.03,13.69,40.3468247,-74.6117636,56.8
2024-04-04 11:07:39.670100,9.03,13.69,40.3468247,-74.6117636,56.8
2024-04-04 11:07:39.769931,9.03,13.87,40.3468247,-74.6117636,56.8
2024-04-04 11:07:39.870080,8.99,14.11,40.3468247,-74.6117636,56.8
2024-04-04 11:07:39.970877,9.01,14.11,40.3468247,-74.6117636,56.8
2024-04-04 11:07:40.070552,9.01,14.07,40.3468247,-74.6117636,56.8
2024-04-04 11:07:40.169954,9.01,14.05,40.3468247,-74.6117636,56.8
2024-04-04 11:07:40.270782,8.97,14.05,40.3468247,-74.6117636,56.8
2024-04-04 11:07:40.371092,8.95,13.91,40.3468247,-74.6117636,56.8
2024-04-04 11:07:40.470792,8.95,13.87,40.3468247,-74.6117636,56.8
2024-04-04 11:07:40.570279,8.95,13.77,40.3468332,-74.6117611,56.77
2024-04-04 11:07:40.670129,8.93,13.77,40.3468332,-74.6117611,56.77
2024-04-04 11:07:40.770033,8.93,13.73,40.3468332,-74.6117611,56.77
2024-04-04 11:07:40.870285,8.93,13.91,40.3468332,-74.6117611,56.77
2024-04-04 11:07:40.970274,8.93,13.91,40.3468332,-74.6117611,56.77
2024-04-04 11:07:41.070590,8.93,13.95,40.3468332,-74.6117611,56.77
2024-04-04 11:07:41.170597,8.93,13.95,40.3468332,-74.6117611,56.77
2024-04-04 11:07:41.270732,8.91,13.95,40.3468332,-74.6117611,56.77
2024-04-04 11:07:41.370358,8.91,13.85,40.3468332,-74.6117611,56.77
2024-04-04 11:07:41.470154,8.87,13.71,40.3468412,-74.6117568,56.76
2024-04-04 11:07:41.570192,8.87,13.71,40.3468412,-74.6117568,56.76
2024-04-04 11:07:41.669937,8.87,13.69,40.3468412,-74.6117568,56.76
2024-04-04 11:07:41.769926,8.85,13.45,40.3468412,-74.6117568,56.76
2024-04-04 11:07:41.869912,8.85,13.45,40.3468412,-74.6117568,56.76
2024-04-04 11:07:41.969910,8.85,13.69,40.3468412,-74.6117568,56.76
2024-04-04 11:07:42.070039,8.83,13.55,40.3468412,-74.6117568,56.76
2024-04-04 11:07:42.172160,8.85,13.55,40.3468412,-74.6117568,56.76
2024-04-04 11:07:42.270242,8.85,13.81,40.3468412,-74.6117568,56.76
2024-04-04 11:07:42.371165,8.85,13.75,40.3468496,-74.611752,56.79
2024-04-04 11:07:42.469891,8.83,13.75,40.3468496,-74.611752,56.79
2024-04-04 11:07:42.571218,8.83,13.75,40.3468496,-74.611752,56.79
2024-04-04 11:07:42.670268,8.83,13.83,40.3468496,-74.611752,56.79
2024-04-04 11:07:42.770647,8.83,13.83,40.3468496,-74.611752,56.79
2024-04-04 11:07:42.870562,8.83,13.87,40.3468496,-74.611752,56.79
2024-04-04 11:07:42.969948,8.83,13.97,40.3468496,-74.611752,56.79
2024-04-04 11:07:43.070359,8.81,13.97,40.3468496,-74.611752,56.79
2024-04-04 11:07:43.169852,8.79,14.17,40.3468496,-74.611752,56.79
2024-04-04 11:07:43.269853,8.79,14.21,40.3468496,-74.611752,56.79
2024-04-04 11:07:43.370281,8.81,14.21,40.3468576,-74.611748,56.95
2024-04-04 11:07:43.469917,8.79,14.41,40.3468576,-74.611748,56.95
2024-04-04 11:07:43.570383,8.79,14.55,40.3468576,-74.611748,56.95
2024-04-04 11:07:43.669958,8.77,14.45,40.3468576,-74.611748,56.95
2024-04-04 11:07:43.769842,8.79,14.45,40.3468576,-74.611748,56.95
2024-04-04 11:07:43.869913,8.79,14.27,40.3468576,-74.611748,56.95
2024-04-04 11:07:43.969918,8.77,14.49,40.3468576,-74.611748,56.95
2024-04-04 11:07:44.069920,8.77,14.49,40.3468576,-74.611748,56.95
2024-04-04 11:07:44.169896,8.77,14.63,40.3468576,-74.611748,56.95
2024-04-04 11:07:44.269901,8.77,14.57,40.3468658,-74.611745,56.94
2024-04-04 11:07:44.369709,8.73,14.57,40.3468658,-74.611745,56.94
2024-04-04 11:07:44.470740,8.73,14.83,40.3468658,-74.611745,56.94
2024-04-04 11:07:44.571972,8.75,14.59,40.3468658,-74.611745,56.94
2024-04-04 11:07:44.671368,8.75,14.59,40.3468658,-74.611745,56.94
2024-04-04 11:07:44.771172,8.75,14.43,40.3468658,-74.611745,56.94
2024-04-04 11:07:44.870541,8.71,14.19,40.3468658,-74.611745,56.94
2024-04-04 11:07:44.969744,8.71,14.19,40.3468658,-74.611745,56.94
2024-04-04 11:07:45.070683,8.71,14.43,40.3468658,-74.611745,56.94
2024-04-04 11:07:45.170210,8.69,14.27,40.3468658,-74.611745,56.94
2024-04-04 11:07:45.270014,8.69,14.27,40.3468658,-74.611745,56.94
2024-04-04 11:07:45.370573,8.69,14.49,40.3468658,-74.611745,56.94
2024-04-04 11:07:45.469869,8.71,14.39,40.3468658,-74.611745,56.94
2024-04-04 11:07:45.570054,8.69,14.39,40.3468658,-74.611745,56.94
2024-04-04 11:07:45.671373,8.69,14.33,40.3468658,-74.611745,56.94
2024-04-04 11:07:45.770274,8.67,14.43,40.3468738,-74.611741,56.91
2024-04-04 11:07:45.869911,8.65,14.43,40.3468738,-74.611741,56.91
2024-04-04 11:07:45.969838,8.63,14.43,40.3468738,-74.611741,56.91
2024-04-04 11:07:46.070018,8.63,14.43,40.3468738,-74.611741,56.91
2024-04-04 11:07:46.169892,8.63,14.43,40.3468738,-74.611741,56.91
2024-04-04 11:07:46.269932,8.67,14.43,40.3468738,-74.611741,56.91
2024-04-04 11:07:46.369928,8.67,14.35,40.3468738,-74.611741,56.91
2024-04-04 11:07:46.469835,8.67,14.35,40.3468738,-74.611741,56.91
2024-04-04 11:07:46.569789,8.65,14.61,40.3468738,-74.611741,56.91
2024-04-04 11:07:46.671627,8.65,14.53,40.3468738,-74.611741,56.91
2024-04-04 11:07:46.771021,8.63,14.33,40.3468825,-74.6117368,57.03
2024-04-04 11:07:46.870463,8.61,14.33,40.3468825,-74.6117368,57.03
2024-04-04 11:07:46.970056,8.61,14.27,40.3468825,-74.6117368,57.03
2024-04-04 11:07:47.070458,8.61,14.47,40.3468825,-74.6117368,57.03
2024-04-04 11:07:47.170124,8.61,14.47,40.3468825,-74.6117368,57.03
2024-04-04 11:07:47.270005,8.61,14.51,40.3468825,-74.6117368,57.03
2024-04-04 11:07:47.371141,8.61,14.43,40.3468825,-74.6117368,57.03
2024-04-04 11:07:47.470270,8.61,14.43,40.3468825,-74.6117368,57.03
2024-04-04 11:07:47.570867,8.61,14.61,40.3468825,-74.6117368,57.03
2024-04-04 11:07:47.669885,8.59,14.61,40.3468906,-74.611734,57.04
2024-04-04 11:07:47.770133,8.57,14.61,40.3468906,-74.611734,57.04
2024-04-04 11:07:47.870656,8.57,14.59,40.3468906,-74.611734,57.04
2024-04-04 11:07:47.970948,8.59,14.43,40.3468906,-74.611734,57.04
2024-04-04 11:07:48.070217,8.57,14.43,40.3468906,-74.611734,57.04
2024-04-04 11:07:48.170797,8.57,14.55,40.3468906,-74.611734,57.04
2024-04-04 11:07:48.270137,8.57,14.47,40.3468906,-74.611734,57.04
2024-04-04 11:07:48.369903,8.57,14.47,40.3468906,-74.611734,57.04
2024-04-04 11:07:48.469904,8.57,14.57,40.3468906,-74.611734,57.04
2024-04-04 11:07:48.569937,8.55,14.47,40.3468991,-74.6117309,56.93
2024-04-04 11:07:48.669916,8.53,14.47,40.3468991,-74.6117309,56.93
2024-04-04 11:07:48.769943,8.53,14.25,40.3468991,-74.6117309,56.93
2024-04-04 11:07:48.872572,8.53,14.19,40.3468991,-74.6117309,56.93
2024-04-04 11:07:48.970719,8.51,14.19,40.3468991,-74.6117309,56.93
2024-04-04 11:07:49.070046,8.55,14.37,40.3468991,-74.6117309,56.93
2024-04-04 11:07:49.170048,8.55,14.45,40.3468991,-74.6117309,56.93
